(1.2716)
(1.2571)
(4.9095)
(4.6132)
(3.4418)
(4.6962)
(7.9102)
(9.6844)
(8.2950)
(8.6495)
(10.3440)
(16.8023)
(17.0393)
(23.5586)
(21.9745)
(19.8667)
(17.1143)
(19.1606)
(20.1129)
(15.7713)
(17.5709)
(31.7540)
(35.6740)
(36.3196)
(35.5430)
(35.6794)
(32.4506)
(36.1837)
(36.2541)
(35.0995)
(31.0157)
(35.8031)
(32.5450)
(31.6854)
(30.5761)
(28.9212)
(25.0773)
(20.3804)
(31.3961)
(31.5241)
(30.9554)
(23.2945)
(28.2282)
(74.6873)
(113.8747)
(80.5282)
(73.4586)
(87.7744)
(78.2531)
(74.2075)
(68.3480)
(88.3143)
(83.2828)
(73.6557)
(51.6028)
(60.4803)
(69.1880)
(217.2509)
(195.0753)
(228.3345)
(217.4354)
(170.9152)
(201.1223)
(146.5341)
(216.5445)
(813.2739)
